"re_CHN_MLOC_I" "re_CHN_MLOC_P" "re_CHN_MLOC_C" "FD" "SD" "UP" "FW"
"re_CHN_MLOC_I" 1 -0.222474584510734 -0.392277368329634 -0.25685174483528 0.145110529596463 -0.0119761827098297 0.576535408207215
"re_CHN_MLOC_P" -0.222474584510734 1 0.753266544288229 0.583425711418417 0.296535465880665 -0.0102104169491329 -0.287971509973433
"re_CHN_MLOC_C" -0.392277368329634 0.753266544288229 1 0.668674035992489 0.206093765068509 0.242827677027163 -0.321644200928974
"FD" -0.25685174483528 0.583425711418417 0.668674035992489 1 0.338143583764546 0.170829562535849 -0.283832746393184
"SD" 0.145110529596463 0.296535465880665 0.206093765068509 0.338143583764546 1 0.00368978126901872 0.209077943752233
"UP" -0.0119761827098297 -0.0102104169491329 0.242827677027163 0.170829562535849 0.00368978126901872 1 0.133624822277527
"FW" 0.576535408207215 -0.287971509973433 -0.321644200928974 -0.283832746393184 0.209077943752233 0.133624822277527 1
